QQQ_RTH_NH.csv